19790006
19790008
19790026
19790036
19790048
19790057
19790063
19790079
19790087
19790094
19790097
19790101
19790108
19790119
19790137
19790140
19790144
19790171
19790193
19790205
19790221
19790236
19790237
19790273
19790293
19790304
19790317
19790322
19790336
19790349
19790363
19790385
19790394
19790406
19790410
19790430
19790451
19790455
19790497
19790506
19790513
19790535
19790540
19790542
19790561
19790583
19790589
19790595
19790612
19790618
19790632
19790637
19790651
19790656
19790661
19790664
19790689
19790691
19790707
19790729
19790739
19790744
19790752
19790755
19790758
19790771
19790783
19790802
19790806
19790809
19790835
19790842
19790847
19790888
19790903
19790909
19790918
19790931
19790933
19790949
19790957
19790961
19790963
19790972
19790976
19790985
19791000
19791013
19791015
19791021
19791045
19791056
19791063
19791068
19791072
19791086
19791091
19791116
19791119
19791123
19791129
19791133
19791145
19791150
19800005
19800006
19800016
19800028
19800033
19800036
19800043
19800055
19800064
19800070
19800073
19800085
19800090
19800097
19800104
19800123
19800139
19800157
19800170
19800184
19800192
19800200
19800205
19800213
19800221
19800232
19800237
19800256
19800273
19800280
19800286
19800291
19800296
19800322
19800336
19800343
19800347
19800370
19800418
19800423
19800440
19800445
19800448
19800455
19800460
19800464
19800482
19800525
19800550
19800583
19800590
19800610
19800614
19800621
19800622
19800626
19800636
19800640
19800646
19800665
19800690
19800695
19800703
19800724
19800733
19800740
19800769
19800792
19800797
19800805
19800811
19800821
19800829
19800837
19800848
19800851
19800871
19800889
19800901
19800910
19800918
19800938
19800940
19800966
19800993
19801019
19801023
19801034
19801046
19801064
19801068
19801082
19801085
19801088
19801090
19801101
19801105
19801114
19801123
19801137
19810003
19810013
19810023
19810055
19810078
19810096
19810116
19810142
19810160
19810169
19810175
19810179
19810189
19810196
19810223
19810225
19810229
19810237
19810241
19810248
19810260
19810267
19810292
19810303
19810315
19810332
19810336
19810354
19810367
19810370
19810388
19810394
19810414
19810430
19810440
19810450
19810460
19810475
19810481
19810495
19810519
19810545
19810554
19810555
19810570
19810576
19810578
19810597
19810602
19810609
19810614
19810635
19810641
19810650
19810655
19810659
19810666
19810691
19810695
19810712
19810721
19810733
19810736
19810742
19810758
19810782
19810790
19810804
19810823
19810825
19810842
19810854
19810857
19810871
19810877
19810960
19810972
19810979
19811013
19811021
19811024
19811035
19811044
19811067
19811079
19811096
19811108
19811117
19811128
19811143
19811151
19811153
19811158
19811161
19811176
19811184
19811187
19820009
19820011
19820020
19820022
19820023
19820035
19820037
19820038
19820047
19820050
19820057
19820073
19820081
19820084
19820099
19820104
19820112
19820116
19820119
19820145
19820175
19820202
19820207
19820218
19820231
19820253
19820256
19820292
19820302
19820318
19820323
19820337
19820351
19820371
19820391
19820409
19820426
19820442
19820452
19820453
19820471
19820476
19820478
19820487
19820519
19820527
19820538
19820541
19820563
19820591
19820614
19820620
19820625
19820633
19820645
19820671
19820674
19820676
19820684
19820697
19820740
19820754
19820758
19820762
19820770
19820776
19820786
19820808
19820817
19820833
19820851
19820855
19820861
19820881
19820890
19820891
19820898
19820911
19820917
19820928
19820962
19820972
19820986
19821001
19821009
19821027
19821030
19821044
19821048
19821052
19821054
19821071
19821076
19821079
19821085
19821086
19821094
19821103
19821107
19821115
19821122
19821126
19830018
19830021
19830024
19830032
19830034
19830050
19830065
19830078
19830080
19830090
19830093
19830100
19830111
19830119
19830130
19830133
19830144
19830150
19830166
19830175
19830179
19830187
19830194
19830204
19830215
19830224
19830240
19830242
19830250
19830263
19830281
19830285
19830293
19830313
19830358
19830375
19830382
19830402
19830417
19830428
19830446
19830454
19830492
19830516
19830532
19830536
19830581
19830600
19830604
19830635
19830662
19830671
19830679
19830683
19830689
19830698
19830729
19830739
19830754
19830780
19830788
19830793
19830804
19830808
19830818
19830824
19830845
19830849
19830855
19830869
19830881
19830888
19830894
19830901
19830908
19830919
19830929
19830937
19830944
19830958
19830982
19830988
19830995
19831002
19831011
19831039
19831052
19831061
19831064
19831065
19831074
19831087
19831094
19831099
19831108
19831109
19831114
19831119
19831140
19831145
19831148
19831157
19831165
19840004
19840010
19840022
19840031
19840045
19840053
19840067
19840073
19840077
19840080
19840093
19840098
19840106
19840114
19840159
19840163
19840172
19840181
19840188
19840195
19840205
19840224
19840229
19840235
19840242
19840243
19840261
19840275
19840279
19840287
19840295
19840303
19840311
19840320
19840324
19840337
19840346
19840364
19840365
19840370
19840373
19840375
19840379
19840390
19840419
19840424
19840452
19840471
19840475
19840483
19840505
19840533
19840547
19840549
19840569
19840591
19840598
19840621
19840623
19840635
19840647
19840659
19840670
19840699
19840713
19840723
19840731
19840748
19840754
19840766
19840784
19840792
19840797
19840820
19840823
19840868
19840873
19840876
19840890
19840903
19840906
19840914
19840915
19840925
19840943
19840954
19840969
19840975
19840983
19840990
19841008
19841013
19841034
19841041
19841070
19841073
19841083
19841086
19841096
19841099
19841105
19841117
19841121
19841124
19841156
19850005
19850012
19850018
19850021
19850038
19850052
19850062
19850080
19850087
19850099
19850122
19850124
19850149
19850175
19850190
19850213
19850214
19850238
19850248
19850253
19850262
19850270
19850276
19850282
19850306
19850313
19850316
19850329
19850333
19850337
19850338
19850343
19850347
19850354
19850359
19850371
19850375
19850384
19850396
19850398
19850409
19850426
19850438
19850442
19850445
19850479
19850499
19850506
19850516
19850529
19850545
19850558
19850565
19850575
19850605
19850633
19850639
19850648
19850703
19850716
19850721
19850738
19850741
19850744
19850749
19850759
19850773
19850784
19850812
19850815
19850823
19850845
19850849
19850851
19850879
19850905
19850923
19850948
19850962
19850971
19851003
19851013
19851015
19851026
19851031
19851039
19851076
19851079
19851084
19860006
19860009
19860016
19860035
19860048
19860066
19860073
19860076
19860082
19860092
19860095
19860107
19860118
19860125
19860133
19860138
19860141
19860143
19860146
19860154
19860162
19860171
19860173
19860178
19860185
19860195
19860197
19860202
19860208
19860218
19860228
19860238
19860245
19860251
19860261
19860265
19860281
19860287
19860295
19860314
19860323
19860325
19860330
19860333
19860337
19860345
19860349
19860369
19860380
19860384
19860394
19860400
19860407
19860410
19860417
19860448
19860462
19860480
19860482
19860491
19860496
19860513
19860526
19860529
19860531
19860541
19860551
19860554
19860563
19860584
19860591
19860593
19860596
19860599
19860601
19860610
19860622
19860700
19860733
19860758
19860766
19860771
19860773
19860777
19860782
19860803
19860831
19860840
19860849
19860864
19860871
19860874
19860879
19860892
19860894
19860905
19860913
19860918
19860954
19860964
19860971
19860973
19860983
19860993
19860998
19861003
19861011
19861019
19861023
19861027
19861029
19861046
19861054
19861059
19861068
19861076
19861081
19861086
19861089
19861094
19870006
19870007
19870011
19870019
19870025
19870029
19870052
19870065
19870071
19870080
19870085
19870092
19870096
19870106
19870110
19870123
19870127
19870135
19870137
19870138
19870162
19870188
19870195
19870214
19870250
19870284
19870288
19870297
19870300
19870308
19870310
19870323
19870336
19870365
19870369
19870383
19870391
19870394
19870445
19870454
19870470
19870475
19870481
19870483
19870512
19870533
19870548
19870560
19870568
19870588
19870611
19870621
19870641
19870666
19870679
19870697
19870701
19870709
19870728
19870744
19870786
19870818
19870825
19870833
19870848
19870890
19870909
19870912
19870915
19870926
19870942
19870952
19870963
19870989
19870993
19871016
19871029
19871061
19871082
19871086
19871119
19871132
19871133
19871160
19871177
19880006
19880009
19880012
19880023
19880033
19880042
19880051
19880066
19880068
19880096
19880116
19880132
19880135
19880154
19880163
19880173
19880179
19880191
19880194
19880225
19880235
19880249
19880256
19880268
19880272
19880286
19880294
19880302
19880316
19880329
19880341
19880345
19880364
19880377
19880395
19880407
19880411
19880434
19880444
19880479
19880482
19880496
19880513
19880514
19880525
19880547
19880551
19880563
19880595
19880598
19880621
19880632
19880633
19880661
19880662
19880667
19880668
19880710
19880732
19880740
19880751
19880756
19880784
19880799
19880816
19880820
19880833
19880864
19880869
19880874
19880894
19880913
19880922
19880929
19880931
19880938
19880946
19880957
19880967
19880976
19880978
19880984
19880992
19880998
19881010
19881012
19881033
19881046
19881053
19881062
19881094
19881103
19881112
19881128
19881131
19881132
19881135
19881145
19881148
19890008
19890010
19890014
19890017
19890022
19890028
19890039
19890041
19890049
19890053
19890058
19890060
19890075
19890079
19890082
19890104
19890108
19890138
19890146
19890150
19890157
19890168
19890178
19890192
19890206
19890207
19890222
19890240
19890246
19890251
19890269
19890281
19890289
19890304
19890312
19890316
19890324
19890330
19890334
19890342
19890346
19890359
19890369
19890372
19890398
19890414
19890430
19890441
19890443
19890452
19890462
19890465
19890473
19890478
19890480
19890495
19890501
19890504
19890513
19890523
19890529
19890534
19890540
19890546
19890568
19890577
19890595
19890596
19890599
19890611
19890636
19890718
19890728
19890746
19890786
19890805
19890809
19890810
19890816
19890834
19890840
19890854
19890857
19890872
19890895
19890906
19890911
19890928
19890963
19890970
19890979
19890997
19891002
19891005
19891021
19891026
19891031
19891034
19891036
19891040
19891045
19891057
19891063
19891066
19891075
19891087
19891088
19891089
19891092
19891094
19891102
19891122
19891133
19891148
19891150
19900005
19900009
19900026
19900034
19900037
19900040
19900047
19900058
19900063
19900066
19900071
19900084
19900091
19900100
19900135
19900138
19900146
19900203
19900219
19900228
19900231
19900241
19900247
19900253
19900267
19900276
19900290
19900320
19900330
19900332
19900337
19900345
19900349
19900356
19900383
19900396
19900397
19900411
19900417
19900423
19900443
19900452
19900459
19900492
19900502
19900518
19900520
19900530
19900544
19900557
19900579
19900599
19900624
19900638
19900641
19900643
19900655
19900661
19900675
19900687
19900697
19900705
19900711
19900716
19900720
19900723
19900739
19900749
19900755
19900790
19900796
19900798
19900818
19900847
19900854
19900869
19900875
19900879
19900892
19900902
19900919
19900931
19900953
19900955
19900971
19900978
19900985
19900990
19901004
19901012
19901017
19901020
19901027
19901029
19901035
19901038
19901047
19901084
19901086
19901096
19901097
19901100
19901114
19901121
19901130
19901136
19901138
19901142
19901153
19901164
19901167
19910003
19910006
19910017
19910023
19910030
19910034
19910041
19910052
19910068
19910081
19910090
19910100
19910105
19910111
19910117
19910123
19910128
19910133
19910157
19910161
19910175
19910183
19910187
19910218
19910222
19910231
19910239
19910251
19910279
19910293
19910295
19910298
19910306
19910310
19910317
19910334
19910336
19910362
19910370
19910374
19910397
19910409
19910416
19910421
19910440
19910446
19910449
19910454
19910460
19910466
19910570
19910571
19910585
19910600
19910634
19910641
19910643
19910652
19910669
19910698
19910706
19910732
19910739
19910747
19910770
19910777
19910792
19910797
19910806
19910810
19910818
19910826
19910853
19910925
19910934
19910975
19910995
19911009
19911025
19911037
19911040
19911043
19911053
19911055
19911060
19911070
19911075
19911101
19911108
19911114
19911115
19911119
19911129
19911145
19911146
19920013
19920019
19920029
19920030
19920043
19920072
19920083
19920084
19920090
19920101
19920107
19920112
19920120
19920133
19920145
19920157
19920172
19920186
19920189
19920197
19920207
19920221
19920229
19920248
19920284
19920293
19920303
19920313
19920323
19920330
19920345
19920354
19920396
19920411
19920421
19920433
19920438
19920452
19920456
19920457
19920460
19920489
19920494
19920507
19920514
19920521
19920535
19920548
19920573
19920579
19920606
19920614
19920639
19920641
19920670
19920685
19920691
19920697
19920700
19920709
19920714
19920719
19920732
19920751
19920759
19920766
19920781
19920791
19920801
19920816
19920825
19920829
19920851
19920877
19920879
19920898
19920901
19920917
19920919
19920931
19920951
19920953
19920960
19920967
19920971
19920976
19920990
19921017
19921019
19921027
19921049
19921072
19921093
19921103
19921133
19921138
19921140
19921146
19921171
19921177
19930012
19930018
19930023
19930027
19930036
19930052
19930061
19930064
19930069
19930071
19930074
19930080
19930085
19930107
19930140
19930158
19930179
19930184
19930191
19930215
19930222
19930246
19930247
19930261
19930269
19930275
19930280
19930289
19930295
19930309
19930314
19930318
19930326
19930349
19930364
19930370
19930382
19930396
19930411
19930438
19930443
19930454
19930466
19930468
19930471
19930476
19930485
19930493
19930502
19930515
19930518
19930547
19930551
19930564
19930572
19930584
19930602
19930606
19930611
19930634
19930640
19930649
19930666
19930675
19930679
19930680
19930682
19930695
19930700
19930722
19930733
19930735
19930748
19930755
19930756
19930762
19930790
19930794
19930798
19930817
19930825
19930837
19930866
19930891
19930898
19930909
19930918
19930928
19930943
19930958
19930961
19930998
19931022
19931037
19931063
19931068
19931070
19931085
19931087
19931090
19931091
19931097
19931108
19931111
19931120
19931124
19931133
19931155
19931162
19931169
19931174
19931177
19931180
19940010
19940020
19940029
19940034
19940048
19940051
19940060
19940081
19940089
19940101
19940122
19940128
19940131
19940142
19940153
19940160
19940163
19940176
19940180
19940182
19940188
19940195
19940213
19940233
19940237
19940246
19940268
19940272
19940283
19940290
19940299
19940310
19940325
19940331
19940337
19940353
19940361
19940367
19940374
19940380
19940386
19940392
19940398
19940403
19940408
19940412
19940416
19940422
19940431
19940436
19940443
19940461
19940466
19940472
19940479
19940485
19940493
19940497
19940522
19940534
19940548
19940559
19940571
19940593
19940600
19940609
19940617
19940629
19940640
19940647
19940668
19940683
19940686
19940703
19940708
19940732
19940737
19940750
19940769
19940773
19940804
19940807
19940817
19940832
19940840
19940844
19940854
19940860
19940862
19940870
19940875
19940882
19940886
19940894
19940899
19940900
19940943
19940954
19940960
19940990
19941002
19941014
19941019
19941023
19941030
19941031
19941051
19941055
19941065
19941069
19941076
19941093
19941113
19941127
19941134
19941140
19941148
19941156
19941166
19941178
19941186
19950003
19950010
19950014
19950017
19950022
19950024
19950034
19950040
19950044
19950057
19950079
19950093
19950111
19950116
19950127
19950131
19950143
19950146
19950185
19950211
19950217
19950226
19950235
19950240
19950248
19950267
19950274
19950277
19950291
19950315
19950317
19950349
19950367
19950376
19950386
19950392
19950399
19950404
19950418
19950448
19950453
19950459
19950470
19950481
19950486
19950500
19950512
19950540
19950545
19950547
19950549
19950558
19950562
19950569
19950574
19950579
19950592
19950596
19950611
19950614
19950632
19950637
19950654
19950656
19950672
19950676
19950691
19950696
19950699
19950704
19950728
19950732
19950770
19950794
19950812
19950815
19950839
19950847
19950849
19950852
19950935
19950963
19950970
19950991
19950995
19951006
19951016
19951022
19951024
19951030
19951041
19951062
19951077
19951098
19951099
19951109
19951115
19951122
19951139
19951141
19951146
19951147
19951150
19951153
19951163
19951167
19951172
19960002
19960008
19960016
19960020
19960038
19960043
19960054
19960064
19960066
19960074
19960076
19960077
19960096
19960111
19960117
19960135
19960140
19960141
19960155
19960160
19960185
19960195
19960197
19960202
19960209
19960233
19960258
19960264
19960269
19960282
19960286
19960290
19960301
19960351
19960363
19960379
19960383
19960386
19960400
19960418
19960422
19960460
19960490
19960496
19960501
19960528
19960561
19960599
19960625
19960631
19960642
19960663
19960665
19960679
19960692
19960699
19960734
19960744
19960752
19960774
19960788
19960808
19960814
19960833
19960838
19960840
19960857
19960865
19960871
19960880
19960887
19960892
19960945
19960953
19960954
19960977
19960988
19960989
19961013
19961042
19961045
19961054
19961056
19961058
19961060
19961064
19961095
19961096
19961104
19961111
19961121
19961135
19961140
19970004
19970010
19970023
19970030
19970031
19970033
19970037
19970046
19970064
19970072
19970075
19970081
19970095
19970098
19970113
19970120
19970126
19970130
19970138
19970140
19970147
19970152
19970158
19970173
19970178
19970181
19970186
19970196
19970217
19970233
19970234
19970239
19970270
19970293
19970322
19970340
19970345
19970349
19970364
19970373
19970378
19970391
19970397
19970408
19970409
19970412
19970417
19970429
19970439
19970440
19970465
19970472
19970476
19970524
19970525
19970535
19970536
19970538
19970544
19970555
19970568
19970581
19970585
19970594
19970596
19970600
19970604
19970614
19970619
19970638
19970642
19970649
19970650
19970661
19970687
19970690
19970698
19970709
19970712
19970724
19970726
19970727
19970735
19970761
19970767
19970772
19970779
19970790
19970797
19970833
19970844
19970858
19970875
19970881
19970912
19970920
19970927
19970942
19970960
19970967
19970969
19970974
19970988
19970995
19971006
19971013
19971022
19971026
19971033
19971038
19971047
19971055
19971059
19971061
19971065
19971070
19971074
19971083
19971088
19971093
19971094
19971106
19971108
19971109
19971116
19980006
19980008
19980017
19980022
19980038
19980044
19980052
19980055
19980061
19980063
19980067
19980071
19980074
19980077
19980093
19980096
19980106
19980168
19980177
19980189
19980194
19980199
19980208
19980213
19980221
19980244
19980250
19980263
19980293
19980298
19980311
19980323
19980325
19980388
19980389
19980398
19980434
19980459
19980471
19980479
19980484
19980488
19980496
19980540
19980543
19980552
19980553
19980597
19980606
19980619
19980622
19980632
19980638
19980662
19980702
19980721
19980743
19980750
19980754
19980760
19980775
19980778
19980785
19980786
19980803
19980807
19980819
19980822
19980835
19980856
19980880
19980889
19980895
19980900
19980903
19980917
19980922
19980932
19980948
19980966
19980972
19980977
19980979
19980991
19980992
19981042
19981046
19981053
19981064
19981082
19981089
19981098
19981108
19981124
19981133
19981134
19981149
19981153
19981154
19990004
19990012
19990020
19990023
19990033
19990048
19990049
19990056
19990069
19990077
19990083
19990090
19990103
19990111
19990119
19990128
19990136
19990145
19990154
19990158
19990160
19990164
19990174
19990180
19990183
19990186
19990192
19990216
19990225
19990230
19990237
19990244
19990249
19990266
19990271
19990275
19990290
19990311
19990317
19990320
19990337
19990355
19990371
19990377
19990385
19990398
19990409
19990439
19990449
19990455
19990464
19990475
19990498
19990509
19990517
19990588
19990605
19990619
19990625
19990640
19990663
19990677
19990687
19990689
19990708
19990731
19990734
19990749
19990755
19990774
19990784
19990815
19990848
19990856
19990862
19990871
19990879
19990885
19990893
19990896
19990903
19990905
19990922
19990926
19990935
19990942
19990957
19990966
19990975
19990982
19990990
19990992
19990999
19991000
19991010
19991020
19991025
19991048
19991060
19991061
19991066
19991069
19991080
19991089
19991121
19991127
19991132
19991148
19991155
19991173
19991185
19991186
19991198
19991202
19991207
19991216
20000014
20000035
20000047
20000072
20000086
20000090
20000104
20000112
20000119
20000160
20000170
20000185
20000191
20000202
20000210
20000212
20000239
20000245
20000247
20000250
20000262
20000268
20000283
20000293
20000296
20000320
20000340
20000351
20000354
20000361
20000366
20000387
20000390
20000403
20000407
20000420
20000441
20000443
20000449
20000465
20000481
20000488
20000501
20000554
20000561
20000568
20000591
20000602
20000607
20000609
20000623
20000633
20000654
20000658
20000668
20000683
20000699
20000706
20000712
20000716
20000717
20000743
20000747
20000780
20000782
20000789
20000803
20000816
20000821
20000856
20000885
20000888
20000897
20000913
20000923
20000929
20000939
20000944
20000958
20000960
20000967
20000981
20000988
20000998
20001012
20001030
20001047
20001055
20001057
20001064
20001071
20001096
20001103
20001106
20001110
20001113
20001118
20001131
20001150
20010011
20010017
20010020
20010023
20010040
20010049
20010051
20010067
20010069
20010076
20010087
20010088
20010096
20010112
20010117
20010118
20010124
20010130
20010134
20010139
20010146
20010151
20010161
20010164
20010172
20010174
20010179
20010189
20010202
20010204
20010206
20010219
20010222
20010230
20010239
20010272
20010283
20010288
20010294
20010333
20010346
20010357
20010397
20010437
20010439
20010444
20010450
20010454
20010467
20010481
20010500
20010505
20010510
20010512
20010518
20010530
20010542
20010549
20010560
20010570
20010573
20010577
20010588
20010603
20010608
20010618
20010624
20010668
20010678
20010695
20010700
20010717
20010722
20010723
20010740
20010774
20010794
20010798
20010804
20010811
20010826
20010835
20010854
20010873
20010895
20010900
20010915
20010934
20010943
20010960
20010967
20010986
20010992
20010995
20011002
20011029
20011034
20011035
20011044
20011048
20011054
20011059
20011060
20011072
20011081
20011085
20011092
20011114
20011115
20011124
20011134
20011137
20011149
20011150
20011154
20011163
20011165
20011177
20020005
20020010
20020019
20020021
20020023
20020030
20020033
20020038
20020062
20020070
20020077
20020085
20020104
20020123
20020129
20020132
20020135
20020164
20020182
20020192
20020197
20020204
20020216
20020221
20020223
20020233
20020254
20020268
20020277
20020321
20020332
20020342
20020352
20020365
20020368
20020381
20020385
20020394
20020428
20020439
20020444
20020445
20020459
20020467
20020484
20020490
20020495
20020508
20020519
20020526
20020538
20020547
20020554
20020574
20020580
20020585
20020608
20020613
20020618
20020624
20020631
20020650
20020659
20020671
20020688
20020708
20020716
20020740
20020760
20020762
20020773
20020787
20020797
20020816
20020824
20020833
20020846
20020854
20020857
20020866
20020872
20020874
20020882
20020883
20020891
20020896
20020906
20020909
20020915
20020917
20020920
20020927
20020934
20020960
20020963
20020966
20020985
20020988
20020996
20021017
20021019
20021029
20021033
20021039
20021059
20021062
20021079
20021087
20021097
20021107
20021115
20021118
20021129
20021138
20021142
20030011
20030016
20030021
20030024
20030029
20030035
20030038
20030041
20030044
20030046
20030053
20030057
20030063
20030067
20030072
20030076
20030079
20030081
20030086
20030099
20030118
20030134
20030157
20030170
20030210
20030213
20030220
20030230
20030236
20030246
20030284
20030302
20030330
20030361
20030392
20030396
20030452
20030456
20030457
20030461
20030464
20030472
20030486
20030495
20030513
20030521
20030536
20030546
20030548
20030552
20030570
20030572
20030575
20030577
20030625
20030629
20030646
20030654
20030665
20030668
20030685
20030691
20030700
20030716
20030727
20030729
20030750
20030753
20030754
20030772
20030793
20030801
20030810
20030835
20030870
20030871
20030877
20030902
20030910
20030921
20030923
20030928
20030936
20030940
20030952
20030962
20030978
20030997
20031002
20031004
20031023
20031038
20031043
20031063
20031065
20031071
20031079
20031082
20031091
20031093
20031101
20031107
20031115
20031120
20031125
20031129
20031138
20031140
20031149
20031166
20031168
20031173
20031189
20040002
20040014
20040020
20040035
20040038
20040047
20040054
20040067
20040090
20040105
20040137
20040151
20040153
20040164
20040175
20040199
20040205
20040217
20040230
20040231
20040235
20040263
20040282
20040339
20040347
20040366
20040372
20040393
20040456
20040460
20040463
20040471
20040474
20040485
20040498
20040499
20040504
20040509
20040516
20040533
20040535
20040549
20040557
20040560
20040565
20040586
20040602
20040611
20040614
20040653
20040676
20040688
20040713
20040718
20040726
20040733
20040777
20040785
20040792
20040795
20040800
20040811
20040824
20040837
20040843
20040846
20040850
20040855
20040876
20040880
20040883
20040888
20040895
20040902
20040920
20040928
20040957
20040960
20040975
20040980
20040984
20040991
20041017
20041031
20041036
20041062
20041070
20041091
20041098
20041106
20041117
20041128
20041132
20041141
20041143
20041145
20041159
20050002
20050012
20050025
20050027
20050036
20050037
20050043
20050056
20050074
20050077
20050084
20050090
20050113
20050139
20050161
20050162
20050193
20050203
20050206
20050217
20050230
20050246
20050251
20050256
20050263
20050276
20050290
20050308
20050309
20050312
20050326
20050341
20050346
20050370
20050383
20050391
20050438
20050446
20050462
20050467
20050473
20050485
20050496
20050497
20050498
20050502
20050523
20050533
20050541
20050547
20050550
20050554
20050562
20050579
20050581
20050590
20050596
20050617
20050636
20050643
20050644
20050647
20050676
20050708
20050721
20050738
20050743
20050761
20050772
20050775
20050802
20050814
20050818
20050830
20050850
20050880
20050890
20050892
20050893
20050897
20050906
20050912
20050917
20050919
20050921
20050943
20050967
20050973
20050978
20050998
20051003
20051008
20051021
20051024
20051036
20051041
20051066
20051069
20051073
20051085
20051087
20051091
20051094
20051106
20051107
20051112
20051116
20051124
20051127
20051131
20051154
20060004
20060010
20060016
20060028
20060035
20060040
20060045
20060057
20060071
20060076
20060087
20060099
20060105
20060130
20060138
20060147
20060152
20060159
20060173
20060176
20060187
20060209
20060224
20060231
20060242
20060246
20060249
20060257
20060262
20060272
20060284
20060301
20060321
20060338
20060366
20060370
20060378
20060396
20060399
20060416
20060421
20060423
20060435
20060438
20060442
20060443
20060488
20060498
20060500
20060503
20060524
20060534
20060538
20060544
20060564
20060587
20060602
20060637
20060654
20060661
20060663
20060669
20060731
20060739
20060744
20060763
20060769
20060783
20060823
20060827
20060832
20060841
20060849
20060851
20060864
20060872
20060875
20060896
20060903
20060913
20060920
20060927
20060942
20060954
20060987
20060998
20061010
20061016
20061050
20061056
20061067
20061082
20061090
20061096
20061098
20061101
20061127
20061132
20061148
20061156
20061169
20061191
20061195
20070008
20070027
20070032
20070046
20070056
20070073
20070084
20070094
20070098
20070106
20070110
20070131
20070132
20070135
20070139
20070168
20070170
20070173
20070186
20070187
20070197
20070215
20070219
20070231
20070262
20070270
20070288
20070296
20070301
20070308
20070316
20070346
20070362
20070383
20070387
20070397
20070399
20070413
20070439
20070457
20070474
20070492
20070509
20070521
20070530
20070557
20070562
20070573
20070575
20070578
20070584
20070615
20070623
20070645
20070648
20070660
20070682
20070685
20070693
20070721
20070757
20070766
20070774
20070777
20070781
20070785
20070793
20070798
20070808
20070835
20070861
20070882
20070889
20070922
20070926
20070929
20070935
20070941
20070953
20070954
20070960
20070963
20070974
20070980
20070989
20070997
20071009
20071021
20071022
20071026
20071033
20071038
20071055
20071068
20071071
20071076
20071084
20071086
20071089
20071092
20071095
20071099
20071104
20071117
20071126
20071133
20071135
20071139
20071159
20071164
20080005
20080007
20080009
20080010
20080015
20080021
20080029
20080041
20080050
20080071
20080105
20080113
20080124
20080139
20080152
20080169
20080192
20080197
20080204
20080207
20080213
20080216
20080220
20080222
20080224
20080240
20080247
20080258
20080290
20080297
20080302
20080310
20080319
20080343
20080347
20080350
20080363
20080381
20080387
20080393
20080396
20080434
20080443
20080462
20080470
20080474
20080481
20080485
20080491
20080501
20080536
20080537
20080542
20080567
20080576
20080580
20080590
20080598
20080610
20080618
20080621
20080640
20080647
20080651
20080672
20080675
20080689
20080699
20080714
20080717
20080721
20080742
20080749
20080753
20080768
20080774
20080794
20080819
20080823
20080837
20080849
20080882
20080889
20080894
20080914
20080921
20080923
20080924
20080943
20080959
20080964
20080969
20080975
20080982
20080986
20080990
20080999
20081010
20081020
20081022
20081032
20081095
20081101
20081103
20081125
20081138
20081142
20081146
20090009
20090014
20090017
20090020
20090024
20090033
20090040
20090049
20090054
20090073
20090078
20090093
20090100
20090117
20090131
20090143
20090164
20090187
20090193
20090198
20090207
20090211
20090226
20090247
20090256
20090264
20090269
20090278
20090288
20090297
20090307
20090314
20090319
20090333
20090343
20090346
20090354
20090362
20090363
20090366
20090370
20090376
20090379
20090393
20090417
20090437
20090447
20090460
20090475
20090477
20090488
20090494
20090502
20090514
20090537
20090541
20090553
20090558
20090591
20090598
20090608
20090612
20090615
20090623
20090636
20090648
20090651
20090676
20090695
20090697
20090705
20090723
20090736
20090745
20090764
20090787
20090794
20090801
20090805
20090827
20090830
20090841
20090859
20090865
20090880
20090894
20090898
20090907
20090927
20090946
20090950
20090973
20090989
20091005
20091007
20091018
20091022
20091025
20091038
20091045
20091053
20091071
20091075
20091088
20091111
20091114
20091118
20091152
20091165
20091169
20091192
20091196
20091201
20091208
20100003
20100011
20100015
20100020
20100021
20100026
20100042
20100048
20100056
20100069
20100079
20100083
20100087
20100102
20100108
20100112
20100121
20100135
20100137
20100138
20100149
20100158
20100192
20100209
20100219
20100222
20100249
20100260
20100269
20100290
20100304
20100312
20100320
20100322
20100328
20100332
20100350
20100355
20100371
20100376
20100385
20100393
20100418
20100431
20100437
20100453
20100481
20100534
20100540
20100545
20100601
20100609
20100651
20100664
20100675
20100680
20100690
20100706
20100707
20100714
20100718
20100731
20100735
20100745
20100751
20100760
20100761
20100769
20100772
20100803
20100817
20100833
20100843
20100845
20100850
20100860
20100862
20100877
20100897
20100901
20100917
20100924
20100929
20100937
20100954
20100959
20100960
20100967
20100997
20101006
20101019
20101055
20101064
20101069
20101072
20101078
20101090
20101091
20101110
20101114
20101126
20101143
20101146
20101148
20101159
20101161
20101164
20101168
20101169
20101182
20101185
20110010
20110013
20110016
20110026
20110037
20110040
20110043
20110047
20110056
20110060
20110064
20110072
20110077
20110080
20110082
20110089
20110093
20110118
20110126
20110128
20110133
20110157
20110165
20110166
20110169
20110176
20110177
20110190
20110219
20110235
20110236
20110241
20110248
20110259
20110269
20110277
20110294
20110299
20110303
20110306
20110314
20110335
20110342
20110351
20110374
20110424
20110427
20110443
20110445
20110459
20110475
20110485
20110486
20110501
20110503
20110505
20110508
20110518
20110523
20110550
20110560
20110573
20110579
20110587
20110598
20110617
20110629
20110635
20110655
20110659
20110666
20110691
20110699
20110713
20110719
20110725
20110749
20110762
20110770
20110783
20110785
20110802
20110804
20110813
20110817
20110822
20110831
20110838
20110844
20110880
20110888
20110899
20110908
20110932
20110955
20110959
20110962
20110995
20110996
20111005
20111012
20111013
20111020
20111033
20111040
20111049
20111051
20111053
20111057
20111062
20111064
20111066
20111082
20111088
20111092
20111098
20111100
20111116
20111127
20111128
20111151
20120005
20120011
20120017
20120024
20120027
20120045
20120046
20120056
20120068
20120079
20120088
20120090
20120095
20120109
20120120
20120129
20120132
20120134
20120138
20120144
20120151
20120153
20120157
20120172
20120195
20120200
20120206
20120214
20120227
20120235
20120239
20120246
20120250
20120268
20120277
20120283
20120297
20120300
20120312
20120333
20120341
20120353
20120375
20120377
20120383
20120392
20120398
20120403
20120422
20120443
20120451
20120458
20120465
20120478
20120487
20120495
20120528
20120530
20120540
20120541
20120553
20120557
20120567
20120580
20120596
20120611
20120612
20120628
20120642
20120672
20120675
20120683
20120693
20120733
20120754
20120774
20120781
20120786
20120789
20120826
20120830
20120837
20120841
20120853
20120893
20120921
20120926
20120959
20120968
20120986
20120987
20120992
20120996
20120998
20121002
20121005
20121030
20121035
20121036
20121041
20121042
20121090
20121109
20121110
20121113
20121118
20121121
20121126
20121127
20121133
20121141
20121150
20121155
20121159
20130004
20130016
20130020
20130043
20130057
20130061
20130096
20130101
20130106
20130111
20130112
20130116
20130123
20130135
20130138
20130143
20130178
20130181
20130191
20130201
20130211
20130235
20130245
20130246
20130277
20130281
20130286
20130297
20130332
20130340
20130368
20130384
20130387
20130393
20130406
20130415
20130421
20130434
20130444
20130456
20130482
20130488
20130501
20130529
20130536
20130544
20130550
20130582
20130608
20130626
20130629
20130658
20130667
20130669
20130706
20130718
20130729
20130741
20130743
20130746
20130755
20130767
20130776
20130782
20130783
20130786
20130790
20130807
20130825
20130853
20130876
20130890
20130902
20130909
20130910
20130914
20130927
20130929
20130948
20130953
20130966
20130977
20130990
20131000
20131001
20131017
20131021
20131029
20131050
20131052
20131057
20131072
20131086
20131099
20131110
20131115
20131123
20131146
20131147
20131158
20131161
20140006
20140012
20140018
20140019
20140029
20140031
20140044
20140045
20140052
20140056
20140060
20140075
20140077
20140086
20140089
20140098
20140104
20140108
20140110
20140118
20140139
20140156
20140162
20140178
20140186
20140194
20140207
20140245
20140300
20140307
20140319
20140344
20140358
20140364
20140368
20140374
20140385
20140393
20140395
20140418
20140421
20140434
20140438
20140450
20140468
20140477
20140487
20140496
20140508
20140515
20140525
20140532
20140544
20140592
20140598
20140615
20140642
20140651
20140668
20140675
20140678
20140686
20140711
20140712
20140727
20140731
20140736
20140759
20140778
20140822
20140838
20140840
20140852
20140862
20140894
20140924
20140935
20140942
20140944
20140951
20140963
20140979
20140987
20141009
20141011
20141021
20141028
20141031
20141038
20141039
20141045
20141068
20141076
20141094
20141104
20141142
20141148
20141157
20141159
20141165
20141170
20141177
20141180
20150005
20150010
20150015
20150025
20150049
20150059
20150064
20150069
20150081
20150083
20150087
20150098
20150100
20150108
20150111
20150112
20150134
20150153
20150165
20150173
20150185
20150189
20150198
20150205
20150206
20150212
20150218
20150222
20150234
20150252
20150260
20150266
20150272
20150285
20150293
20150306
20150325
20150359
20150370
20150373
20150377
20150403
20150407
20150436
20150441
20150445
20150448
20150451
20150458
20150468
20150482
20150483
20150491
20150496
20150528
20150537
20150539
20150541
20150544
20150546
20150553
20150560
20150566
20150608
20150629
20150637
20150646
20150650
20150656
20150669
20150680
20150719
20150746
20150751
20150765
20150777
20150783
20150807
20150809
20150815
20150829
20150836
20150882
20150886
20150908
20150949
20150971
20150984
20151014
20151023
20151026
20151030
20151042
20151054
20151076
20151093
20151103
20151116
20151119
20151130
20151148
20151157
20151160
20151162
20151163
20151170
20151172
20151175
20160006
20160012
20160020
20160030
20160051
20160068
20160075
20160080
20160093
20160102
20160127
20160135
20160139
20160161
20160162
20160165
20160186
20160195
20160200
20160211
20160268
20160293
20160314
20160317
20160330
20160336
20160343
20160368
20160380
20160429
20160443
20160487
20160513
20160516
20160527
20160539
20160546
20160555
20160565
20160599
20160609
20160647
20160649
20160696
20160703
20160711
20160715
20160721
20160729
20160735
20160742
20160748
20160751
20160758
20160766
20160815
20160840
20160858
20160861
20160866
20160877
20160881
20160895
20160903
20160911
20160922
20160926
20160972
20160977
20160980
20161003
20161008
20161009
20161031
20161039
20161043
20161047
20161052
20161053
20161058
20161071
20161074
20161087
20161094
20161097
20161104
20161114
20161120
20161130
20161135
20161143
20161158
20161168
20161180
20161187
20170008
20170013
20170020
20170023
20170033
20170049
20170056
20170073
20170076
20170082
20170105
20170111
20170117
20170135
20170141
20170145
20170150
20170154
20170171
20170174
20170181
20170193
20170194
20170215
20170228
20170242
20170280
20170284
20170299
20170329
20170342
20170347
20170369
20170375
20170385
20170409
20170411
20170432
20170438
20170453
20170460
20170467
20170479
20170482
20170489
20170491
20170504
20170510
20170511
20170520
20170534
20170544
20170548
20170554
20170576
20170587
20170596
20170609
20170634
20170643
20170651
20170662
20170673
20170676
20170699
20170707
20170717
20170720
20170743
20170749
20170756
20170777
20170799
20170818
20170820
20170843
20170858
20170870
20170885
20170890
20170899
20170905
20170909
20170912
20170920
20170957
20170960
20170979
20170993
20171068
20171069
20171073
20171080
20171097
20171104
20171119
20171130
20171141
20171155
20171159
20171171
20171176
20171179
20171186
20171189
20171190
20171195
20171197
20171199
20180009
20180011
20180016
20180047
20180058
20180061
20180079
20180082
20180093
20180099
20180105
20180117
20180129
20180143
20180149
20180154
20180160
20180167
20180175
20180178
20180182
20180196
20180200
20180203
20180231
20180233
20180234
20180236
20180249
20180261
20180263
20180276
20180278
20180283
20180300
20180313
20180327
20180333
20180339
20180365
20180368
20180416
20180419
20180422
20180427
20180435
20180441
20180445
20180464
20180468
20180540
20180545
20180548
20180555
20180558
20180566
20180576
20180577
20180580
20180616
20180628
20180654
20180690
20180705
20180707
20180715
20180723
20180725
20180748
20180750
20180770
20180776
20180783
20180786
20180800
20180813
20180831
20180849
20180865
20180866
20180872
20180897
20180898
20180923
20180931
20180942
20180970
20180989
20181011
20181046
20181052
20181060
20181068
20181073
20181088
20181099
20181118
20181128
20181129
20181134
20181188
20181202
20190004
20190012
20190013
20190014
20190042
20190050
20190065
20190077
20190087
20190091
20190096
20190118
20190120
20190122
20190128
20190143
20190156
20190171
20190172
20190178
20190190
20190202
20190207
20190239
20190257
20190277
20190278
20190311
20190337
20190342
20190349
20190371
20190376
20190385
20190394
20190414
20190425
20190428
20190443
20190445
20190467
20190472
20190490
20190492
20190497
20190509
20190517
20190519
20190554
20190559
20190568
20190574
20190591
20190598
20190620
20190639
20190657
20190661
20190664
20190677
20190683
20190691
20190695
20190711
20190716
20190728
20190746
20190751
20190759
20190765
20190777
20190782
20190789
20190797
20190813
20190815
20190836
20190857
20190867
20190870
20190875
20190879
20190887
20190893
20190898
20190900
20190904
20190948
20190951
20190968
20190987
20191015
20191020
20191036
20191039
20191042
20191052
20191058
20191070
20191076
20191084
20191097
20191103
20191104
20191127
20191150
20191179
20200075
20200115
20200146
20200192
20200222
20200285
20200367
20200502
20200569
20200598
20200632
20200685
20201100
20201175
20201192
20201245
20201408
20201429
20201617
20201732
20201807
20201882
20202023
20202129
20202177
20202199
20202267
20202301
20202365
20202628
20202667
20202709
20202743
20202994
20203066
20203101
20203124
20203146
20203207
20203231
20203282
20203303
20203333
20203389
20203470
20203660
20203686
20203738
20203888
20203947
20203983
20204069
20204121
20204146
20204260
20204367
20204384
20204418
20204458
20204563
20204777
20204822
20204833
20204962
20205294
20205522
20205556
20205692
20205754
20205822
20205885
20206010
20206175
20206215
20206447
20206745
20206908
20206945
20207012
20207038
20207084
20207167
20207194
20207295
20207514
20207711
20207746
20207789
20207824
20207920
20207997
20208066
20208267
20208276
20208309
20208327
20208427
20208517
20208587
20208758
20208782
20208961
20208980
20209125
20209209
20209235
20209372
20209489
20209569
20209676
20209956
20209992
20210007
