19790071
19790131
19790166
19790213
19790256
19790257
19790285
19790339
19790368
19790369
19790483
19790550
19790574
19790613
19790626
19790644
19790669
19790678
19790690
19790697
19790726
19790754
19790770
19790820
19790859
19790867
19790917
19790946
19790966
19790971
19791001
19791038
19791049
19791146
19800015
19800021
19800042
19800094
19800114
19800155
19800179
19800204
19800246
19800250
19800288
19800300
19800318
19800328
19800356
19800361
19800382
19800401
19800411
19800429
19800463
19800499
19800553
19800557
19800574
19800601
19800647
19800657
19800683
19800685
19800725
19800730
19800736
19800770
19800823
19800870
19800873
19800898
19800948
19800972
19801009
19801032
19801042
19801093
19801104
19801135
19810002
19810014
19810031
19810052
19810072
19810093
19810100
19810133
19810191
19810227
19810279
19810302
19810338
19810349
19810353
19810404
19810417
19810462
19810568
19810594
19810618
19810626
19810663
19810667
19810679
19810686
19810688
19810692
19810739
19810762
19810809
19810834
19810863
19810891
19810925
19810938
19810983
19811003
19811022
19811040
19811049
19811077
19811097
19811132
19811162
19820019
19820102
19820109
19820111
19820130
19820206
19820243
19820306
19820322
19820392
19820401
19820411
19820457
19820475
19820482
19820521
19820536
19820578
19820583
19820586
19820602
19820634
19820640
19820652
19820712
19820765
19820811
19820816
19820822
19820831
19820835
19820839
19820863
19820868
19820901
19820932
19820953
19820964
19820985
19820993
19820995
19821022
19821031
19821058
19821060
19821104
19821111
19821113
19830073
19830081
19830126
19830138
19830142
19830152
19830218
19830287
19830347
19830376
19830399
19830416
19830422
19830458
19830464
19830480
19830505
19830534
19830540
19830562
19830575
19830589
19830591
19830602
19830610
19830672
19830693
19830706
19830710
19830750
19830760
19830822
19830832
19830859
19830893
19830915
19830921
19830968
19830983
19831021
19831044
19831082
19831131
19831141
19840005
19840018
19840033
19840039
19840054
19840081
19840116
19840120
19840141
19840154
19840167
19840183
19840233
19840249
19840308
19840366
19840402
19840416
19840420
19840438
19840455
19840478
19840520
19840531
19840553
19840557
19840564
19840570
19840577
19840588
19840606
19840658
19840683
19840767
19840781
19840819
19840832
19840834
19840852
19840883
19840887
19840897
19840918
19840987
19841002
19841054
19841116
19841148
19850010
19850051
19850053
19850063
19850130
19850185
19850244
19850258
19850265
19850296
19850324
19850342
19850368
19850370
19850402
19850489
19850509
19850520
19850534
19850536
19850599
19850609
19850615
19850628
19850654
19850655
19850679
19850707
19850710
19850727
19850728
19850761
19850769
19850797
19850808
19850841
19850852
19850862
19850868
19850885
19850955
19850973
19850974
19851004
19851045
19851050
19851086
19860008
19860029
19860100
19860114
19860139
19860213
19860229
19860254
19860270
19860298
19860313
19860346
19860353
19860362
19860374
19860389
19860430
19860441
19860443
19860452
19860454
19860469
19860493
19860512
19860637
19860670
19860698
19860719
19860744
19860784
19860799
19860827
19860844
19860858
19860881
19860900
19860921
19860942
19860943
19860955
19860978
19861000
19861009
19861098
19870016
19870022
19870031
19870079
19870086
19870088
19870097
19870100
19870104
19870141
19870147
19870150
19870166
19870217
19870230
19870237
19870246
19870280
19870307
19870318
19870349
19870367
19870382
19870418
19870439
19870459
19870546
19870554
19870581
19870593
19870604
19870612
19870642
19870646
19870649
19870656
19870687
19870710
19870712
19870714
19870732
19870741
19870764
19870793
19870813
19870894
19870922
19870928
19870932
19870978
19871010
19871063
19871089
19871097
19871112
19871122
19871136
19871150
19871162
19880048
19880056
19880067
19880117
19880229
19880239
19880290
19880333
19880339
19880367
19880404
19880481
19880490
19880519
19880542
19880558
19880581
19880624
19880627
19880666
19880692
19880718
19880721
19880742
19880788
19880800
19880840
19880857
19880907
19880964
19881004
19881016
19881031
19881039
19881052
19881088
19881098
19881119
19890055
19890066
19890152
19890180
19890209
19890245
19890258
19890272
19890331
19890352
19890362
19890381
19890417
19890448
19890490
19890535
19890558
19890559
19890579
19890626
19890646
19890655
19890666
19890683
19890698
19890706
19890708
19890721
19890738
19890770
19890781
19890797
19890818
19890832
19890844
19890873
19890925
19890971
19890985
19890993
19891007
19891062
19891097
19891124
19891152
19900048
19900049
19900070
19900079
19900112
19900187
19900251
19900269
19900278
19900284
19900288
19900312
19900317
19900326
19900369
19900385
19900395
19900437
19900453
19900507
19900583
19900597
19900628
19900636
19900677
19900702
19900717
19900742
19900772
19900777
19900805
19900835
19900839
19900861
19900910
19900918
19900966
19900988
19901007
19901030
19901058
19901076
19901102
19901116
19901125
19901133
19910047
19910057
19910084
19910096
19910151
19910196
19910214
19910260
19910283
19910311
19910313
19910339
19910404
19910427
19910476
19910483
19910526
19910557
19910581
19910624
19910628
19910636
19910655
19910683
19910710
19910723
19910741
19910768
19910822
19910856
19910868
19910918
19910958
19910986
19910996
19911042
19911059
19911076
19911082
19911089
19911099
19911126
19911132
19911148
19920063
19920087
19920122
19920125
19920150
19920170
19920209
19920253
19920275
19920295
19920308
19920358
19920379
19920391
19920442
19920445
19920472
19920481
19920501
19920518
19920524
19920543
19920595
19920628
19920652
19920655
19920673
19920683
19920696
19920701
19920727
19920744
19920770
19920890
19920925
19920936
19920952
19920970
19920980
19921029
19921044
19921113
19921142
19921160
19930016
19930022
19930045
19930095
19930122
19930209
19930249
19930259
19930293
19930298
19930302
19930328
19930344
19930356
19930392
19930412
19930419
19930462
19930472
19930503
19930521
19930531
19930557
19930561
19930654
19930676
19930687
19930736
19930808
19930868
19930911
19930952
19930970
19930981
19930987
19931000
19931024
19931042
19931051
19931058
19931081
19931147
19931182
19940067
19940115
19940126
19940134
19940155
19940216
19940242
19940276
19940340
19940368
19940383
19940385
19940406
19940458
19940517
19940521
19940538
19940561
19940568
19940585
19940605
19940621
19940627
19940653
19940689
19940776
19940801
19940822
19940837
19940863
19940891
19940902
19940933
19940946
19940950
19940959
19941038
19941079
19941111
19941137
19941185
19950041
19950051
19950169
19950191
19950265
19950293
19950300
19950322
19950331
19950358
19950380
19950415
19950495
19950507
19950580
19950584
19950593
19950595
19950608
19950618
19950626
19950629
19950636
19950658
19950677
19950720
19950734
19950738
19950745
19950766
19950774
19950779
19950831
19950872
19950884
19950910
19950921
19950948
19950964
19951026
19951054
19951073
19951082
19951104
19960027
19960063
19960081
19960110
19960120
19960132
19960158
19960165
19960207
19960242
19960255
19960273
19960308
19960320
19960328
19960347
19960450
19960512
19960530
19960584
19960635
19960681
19960697
19960729
19960770
19960782
19960792
19960798
19960817
19960889
19960903
19960930
19960951
19960993
19960998
19961015
19961071
19961114
19970027
19970051
19970078
19970100
19970102
19970115
19970127
19970139
19970167
19970197
19970318
19970416
19970420
19970421
19970441
19970483
19970487
19970507
19970512
19970521
19970549
19970559
19970569
19970580
19970658
19970666
19970674
19970704
19970711
19970755
19970759
19970836
19970846
19970867
19970874
19970892
19970913
19970962
19970965
19971002
19971017
19971054
19971067
19971098
19971118
19980020
19980045
19980072
19980079
19980101
19980110
19980144
19980161
19980184
19980214
19980224
19980228
19980254
19980272
19980304
19980316
19980335
19980356
19980375
19980501
19980520
19980568
19980587
19980593
19980595
19980624
19980648
19980652
19980673
19980679
19980693
19980715
19980729
19980756
19980767
19980790
19980795
19980808
19980840
19980846
19980852
19980863
19980947
19981000
19981031
19981054
19981085
19981119
19981128
19981144
19981161
19981172
19990072
19990087
19990098
19990142
19990150
19990193
19990214
19990264
19990304
19990360
19990415
19990483
19990525
19990547
19990549
19990563
19990583
19990593
19990596
19990607
19990613
19990645
19990647
19990668
19990724
19990790
19990823
19990828
19990846
19990855
19990928
19990958
19990983
19990998
19991030
19991045
19991084
19991097
19991137
19991174
19991192
20000063
20000078
20000093
20000178
20000224
20000234
20000251
20000252
20000267
20000298
20000307
20000314
20000331
20000362
20000376
20000396
20000452
20000494
20000514
20000531
20000538
20000549
20000566
20000580
20000586
20000613
20000619
20000696
20000857
20000863
20000910
20000934
20000963
20000971
20001002
20001018
20001031
20001066
20001104
20001151
20001163
20010014
20010048
20010056
20010078
20010168
20010196
20010235
20010254
20010270
20010300
20010307
20010323
20010337
20010361
20010385
20010400
20010428
20010449
20010483
20010527
20010531
20010534
20010558
20010630
20010634
20010651
20010669
20010682
20010726
20010731
20010759
20010760
20010780
20010796
20010816
20010860
20010872
20010877
20010897
20010904
20010970
20011010
20011028
20011061
20011170
20011187
20020015
20020034
20020069
20020078
20020087
20020117
20020148
20020187
20020208
20020230
20020261
20020293
20020318
20020328
20020335
20020369
20020402
20020423
20020471
20020478
20020483
20020521
20020557
20020564
20020587
20020646
20020660
20020680
20020701
20020739
20020749
20020767
20020774
20020823
20020840
20020871
20020884
20020916
20020930
20020940
20020954
20020968
20021005
20021032
20021049
20021067
20021086
20021131
20021150
20021153
20030027
20030030
20030055
20030059
20030097
20030110
20030149
20030187
20030228
20030272
20030319
20030338
20030355
20030415
20030426
20030431
20030436
20030478
20030484
20030516
20030527
20030564
20030589
20030666
20030683
20030707
20030720
20030734
20030744
20030762
20030830
20030853
20030885
20030893
20030969
20030976
20030988
20031067
20031096
20031103
20031122
20031132
20031150
20031161
20031170
20031192
20040016
20040116
20040167
20040177
20040181
20040248
20040317
20040335
20040382
20040490
20040511
20040526
20040528
20040562
20040615
20040656
20040684
20040697
20040700
20040703
20040747
20040767
20040786
20040820
20040825
20040867
20040890
20040932
20040937
20040950
20041019
20041025
20041039
20041049
20041079
20041100
20041109
20041126
20041135
20050093
20050095
20050197
20050212
20050222
20050264
20050282
20050293
20050294
20050361
20050367
20050389
20050405
20050406
20050413
20050420
20050427
20050440
20050466
20050477
20050489
20050501
20050506
20050518
20050564
20050618
20050665
20050672
20050691
20050694
20050700
20050724
20050729
20050742
20050760
20050780
20050786
20050833
20050854
20050869
20050882
20050902
20050925
20050942
20050961
20050977
20051113
20051130
20051155
20060056
20060074
20060104
20060146
20060192
20060234
20060239
20060245
20060260
20060303
20060312
20060332
20060333
20060360
20060373
20060439
20060489
20060499
20060552
20060573
20060600
20060616
20060620
20060668
20060676
20060715
20060722
20060726
20060742
20060749
20060787
20060804
20060829
20060873
20060907
20060936
20060949
20060991
20061007
20061034
20061116
20061128
20061157
20061183
20061185
20070038
20070086
20070087
20070108
20070143
20070144
20070165
20070177
20070195
20070202
20070250
20070275
20070304
20070327
20070340
20070376
20070407
20070416
20070434
20070495
20070498
20070506
20070512
20070519
20070528
20070532
20070536
20070554
20070608
20070619
20070633
20070643
20070688
20070695
20070707
20070715
20070719
20070732
20070744
20070752
20070787
20070810
20070829
20070855
20070860
20070879
20070884
20070892
20070894
20070902
20070975
20071012
20071040
20071088
20071149
20071156
20071163
20080014
20080031
20080054
20080109
20080136
20080170
20080262
20080300
20080328
20080353
20080418
20080425
20080460
20080468
20080480
20080512
20080534
20080541
20080573
20080625
20080636
20080642
20080649
20080660
20080662
20080668
20080677
20080726
20080743
20080754
20080776
20080781
20080807
20080829
20080875
20080898
20080945
20080967
20080979
20081041
20081116
20081122
20090030
20090041
20090090
20090111
20090114
20090133
20090175
20090200
20090205
20090215
20090224
20090237
20090270
20090294
20090345
20090358
20090420
20090427
20090469
20090508
20090538
20090588
20090614
20090632
20090647
20090652
20090679
20090719
20090733
20090741
20090757
20090765
20090774
20090832
20090862
20090885
20090906
20090910
20090934
20090955
20090987
20091031
20091043
20091073
20091085
20091124
20091145
20091172
20091183
20091193
20100009
20100041
20100050
20100093
20100105
20100144
20100173
20100196
20100208
20100223
20100234
20100321
20100339
20100436
20100475
20100507
20100510
20100512
20100530
20100548
20100560
20100591
20100596
20100650
20100666
20100676
20100682
20100710
20100724
20100733
20100759
20100777
20100822
20100840
20100851
20100882
20100905
20100944
20100999
20101027
20101040
20101053
20101094
20101166
20110051
20110066
20110073
20110084
20110104
20110153
20110205
20110239
20110255
20110270
20110309
20110332
20110337
20110358
20110407
20110447
20110494
20110519
20110524
20110532
20110538
20110572
20110583
20110619
20110632
20110643
20110649
20110669
20110679
20110695
20110743
20110780
20110850
20110860
20110913
20110928
20110943
20111016
20111044
20111047
20111083
20111133
20120054
20120073
20120123
20120173
20120199
20120316
20120363
20120368
20120402
20120497
20120502
20120511
20120520
20120570
20120603
20120606
20120613
20120626
20120676
20120678
20120705
20120723
20120745
20120755
20120763
20120766
20120816
20120842
20120846
20120877
20120886
20120890
20120903
20120911
20120937
20120955
20120970
20120981
20121053
20121078
20121099
20121130
20121148
20130009
20130018
20130105
20130121
20130129
20130162
20130192
20130197
20130249
20130273
20130301
20130350
20130375
20130407
20130436
20130461
20130470
20130509
20130540
20130569
20130597
20130602
20130610
20130613
20130681
20130687
20130693
20130711
20130727
20130763
20130808
20130813
20130836
20130852
20130855
20130878
20130920
20130957
20130968
20130991
20131016
20131018
20131031
20131043
20131061
20131083
20131163
20140021
20140041
20140066
20140078
20140133
20140150
20140174
20140188
20140201
20140209
20140243
20140284
20140345
20140356
20140363
20140367
20140371
20140404
20140423
20140475
20140500
20140516
20140536
20140547
20140549
20140579
20140607
20140618
20140623
20140669
20140676
20140692
20140710
20140726
20140743
20140766
20140774
20140807
20140843
20140864
20140885
20140932
20140976
20140997
20141056
20141063
20141074
20141078
20141089
20141103
20141137
20141152
20141169
20141185
20150020
20150031
20150039
20150053
20150115
20150140
20150149
20150175
20150295
20150313
20150347
20150391
20150550
20150561
20150594
20150614
20150638
20150660
20150667
20150682
20150696
20150699
20150700
20150708
20150717
20150761
20150805
20150821
20150871
20150890
20150904
20150941
20150953
20151016
20151033
20151045
20151050
20151078
20151094
20151136
20151143
20151161
20151178
20160018
20160079
20160104
20160176
20160232
20160281
20160288
20160315
20160340
20160395
20160414
20160428
20160438
20160453
20160477
20160523
20160536
20160579
20160587
20160601
20160610
20160613
20160619
20160666
20160701
20160775
20160800
20160827
20160927
20160934
20160949
20160989
20160994
20161021
20161051
20161098
20161150
20161164
20161174
20170022
20170039
20170064
20170092
20170098
20170127
20170155
20170197
20170208
20170220
20170266
20170296
20170335
20170348
20170386
20170446
20170466
20170484
20170492
20170556
20170565
20170575
20170595
20170601
20170604
20170615
20170619
20170671
20170679
20170684
20170688
20170712
20170722
20170727
20170728
20170778
20170781
20170794
20170807
20170824
20170832
20170845
20170846
20170866
20170889
20170896
20170907
20170922
20170941
20170952
20170958
20170961
20170968
20170984
20170988
20170998
20171007
20171016
20171054
20171061
20171085
20171124
20171126
20171145
20180039
20180050
20180056
20180074
20180096
20180131
20180159
20180244
20180267
20180287
20180309
20180347
20180377
20180391
20180403
20180409
20180415
20180493
20180523
20180526
20180563
20180602
20180644
20180677
20180700
20180733
20180755
20180759
20180772
20180842
20180910
20180930
20180941
20180958
20180991
20181005
20181039
20181077
20181089
20181135
20181141
20181155
20181166
20181168
20190008
20190021
20190028
20190036
20190048
20190052
20190110
20190129
20190197
20190218
20190237
20190255
20190302
20190316
20190325
20190332
20190397
20190415
20190453
20190464
20190512
20190529
20190532
20190536
20190569
20190580
20190626
20190663
20190687
20190785
20190802
20190832
20190844
20190863
20190925
20190927
20190970
20191008
20191010
20191028
20191057
20191100
20191138
20191155
20200649
20200883
20201113
20202523
20202922
20203556
20203595
20203778
20204070
20204079
20204283
20204371
20204409
20204474
20204526
20204655
20205052
20205386
20206002
20206145
20206229
20206478
20206498
20206590
20207042
20207121
20207340
20207440
20207574
20208180
20208308
20209135
20209245
20209525
20209703
