19790001
19790052
19790076
19790080
19790135
19790147
19790168
19790178
19790194
19790300
19790361
19790384
19790391
19790407
19790414
19790419
19790434
19790437
19790473
19790585
19790594
19790677
19790710
19790731
19790776
19790781
19790791
19790824
19790848
19790876
19790898
19790958
19790977
19791008
19791011
19791044
19791084
19791097
19791114
19800050
19800068
19800118
19800134
19800168
19800190
19800259
19800263
19800308
19800314
19800434
19800473
19800510
19800537
19800540
19800580
19800587
19800673
19800706
19800738
19800749
19800759
19800810
19800835
19800887
19800936
19800961
19800967
19800998
19800999
19801016
19801052
19801067
19801073
19801076
19801103
19801112
19801122
19810019
19810022
19810042
19810063
19810086
19810109
19810207
19810219
19810300
19810392
19810409
19810410
19810448
19810473
19810478
19810526
19810533
19810586
19810708
19810724
19810803
19810839
19810858
19810896
19810916
19810971
19810994
19811026
19811029
19811036
19811042
19811066
19811086
19811090
19811105
19811107
19811125
19811134
19811145
19811146
19811163
19811167
19820005
19820026
19820052
19820090
19820092
19820097
19820128
19820138
19820143
19820148
19820162
19820266
19820297
19820314
19820362
19820450
19820469
19820492
19820514
19820516
19820543
19820549
19820629
19820660
19820667
19820677
19820699
19820763
19820805
19820888
19820954
19820976
19820983
19821016
19821018
19821050
19821065
19821068
19821089
19821101
19821108
19821118
19830040
19830043
19830046
19830051
19830062
19830084
19830088
19830097
19830149
19830163
19830181
19830185
19830202
19830205
19830206
19830228
19830257
19830286
19830333
19830362
19830371
19830386
19830443
19830456
19830459
19830490
19830496
19830515
19830548
19830553
19830586
19830624
19830766
19830794
19830837
19830875
19830928
19830934
19830949
19830953
19831012
19831015
19831054
19831059
19831111
19831112
19831117
19831146
19840061
19840074
19840096
19840149
19840174
19840222
19840252
19840315
19840325
19840350
19840433
19840463
19840518
19840661
19840674
19840694
19840730
19840734
19840746
19840791
19840812
19840829
19840860
19840892
19840938
19841026
19841050
19841071
19841077
19841094
19841097
19841112
19841115
19841134
19850045
19850089
19850112
19850118
19850144
19850210
19850215
19850231
19850271
19850286
19850310
19850348
19850390
19850392
19850450
19850454
19850472
19850559
19850560
19850785
19850811
19850896
19850897
19850999
19851064
19851074
19851098
19860007
19860056
19860079
19860106
19860129
19860152
19860207
19860249
19860278
19860299
19860306
19860344
19860405
19860409
19860476
19860608
19860631
19860659
19860667
19860681
19860688
19860752
19860814
19860832
19860853
19860963
19860987
19861021
19861030
19861058
19861064
19861092
19870041
19870051
19870090
19870113
19870196
19870224
19870253
19870361
19870389
19870413
19870428
19870477
19870490
19870495
19870586
19870634
19870730
19870748
19870780
19870823
19870840
19870862
19870870
19870884
19870902
19870927
19870962
19870977
19871038
19871042
19871044
19871054
19871092
19871108
19871142
19871173
19880021
19880079
19880097
19880103
19880123
19880167
19880215
19880217
19880281
19880287
19880299
19880378
19880438
19880461
19880506
19880528
19880548
19880579
19880606
19880609
19880645
19880648
19880650
19880698
19880758
19880813
19880887
19880933
19880936
19880943
19880950
19880974
19880989
19881106
19881118
19881127
19881137
19881142
19890023
19890032
19890094
19890100
19890139
19890164
19890229
19890284
19890319
19890322
19890340
19890383
19890399
19890432
19890509
19890562
19890594
19890604
19890691
19890768
19890822
19890827
19890904
19890908
19890974
19890988
19891001
19891027
19891107
19891127
19891130
19891147
19891157
19900006
19900015
19900020
19900032
19900044
19900062
19900067
19900123
19900151
19900159
19900180
19900207
19900239
19900339
19900390
19900400
19900409
19900439
19900451
19900479
19900488
19900494
19900528
19900541
19900575
19900580
19900622
19900709
19900761
19900808
19900812
19900816
19900865
19900940
19900973
19901111
19901154
19901159
19901161
19910008
19910010
19910071
19910086
19910094
19910107
19910112
19910124
19910166
19910194
19910227
19910380
19910496
19910524
19910541
19910595
19910603
19910662
19910681
19910691
19910787
19910825
19910836
19910886
19910914
19910919
19910944
19910947
19910952
19911044
19911048
19911137
19920056
19920061
19920068
19920245
19920258
19920268
19920318
19920346
19920370
19920380
19920404
19920418
19920424
19920449
19920451
19920455
19920477
19920483
19920528
19920545
19920597
19920625
19920645
19920654
19920679
19920787
19920832
19920846
19920864
19920989
19921005
19921007
19921015
19921039
19921069
19921082
19921100
19921152
19930007
19930028
19930039
19930043
19930079
19930103
19930112
19930121
19930124
19930135
19930146
19930155
19930211
19930231
19930273
19930286
19930366
19930375
19930434
19930484
19930505
19930528
19930568
19930571
19930631
19930646
19930650
19930652
19930717
19930772
19930793
19930803
19930875
19930886
19930902
19930925
19930975
19931050
19931078
19931096
19931114
19931121
19931164
19931178
19931186
19931190
19940008
19940012
19940047
19940058
19940082
19940106
19940166
19940231
19940266
19940373
19940394
19940424
19940445
19940452
19940463
19940477
19940491
19940536
19940553
19940564
19940638
19940641
19940674
19940726
19940739
19940764
19940877
19940881
19940917
19940925
19940952
19941034
19941045
19941074
19941144
19941164
19950008
19950064
19950100
19950106
19950142
19950165
19950231
19950238
19950251
19950255
19950289
19950299
19950306
19950373
19950393
19950469
19950539
19950555
19950653
19950708
19950857
19950865
19950880
19950933
19950944
19950954
19950962
19950986
19951044
19951060
19951079
19951090
19951096
19951149
19951168
19951174
19960009
19960014
19960042
19960057
19960101
19960108
19960175
19960212
19960232
19960248
19960284
19960350
19960356
19960392
19960410
19960414
19960426
19960464
19960472
19960489
19960514
19960518
19960525
19960538
19960552
19960557
19960577
19960612
19960627
19960652
19960715
19960756
19960762
19960784
19960804
19960827
19960879
19960896
19960906
19960915
19960936
19960960
19960978
19961025
19961040
19961070
19961091
19961099
19961112
19961137
19970029
19970056
19970086
19970153
19970204
19970260
19970289
19970294
19970346
19970360
19970381
19970433
19970470
19970473
19970495
19970518
19970579
19970622
19970623
19970655
19970754
19970758
19970780
19970791
19970812
19970828
19970847
19970884
19970901
19970928
19970968
19970984
19970994
19971007
19971078
19971096
19980010
19980031
19980049
19980076
19980088
19980129
19980158
19980178
19980188
19980204
19980211
19980220
19980249
19980259
19980262
19980289
19980328
19980363
19980415
19980424
19980456
19980485
19980548
19980602
19980711
19980741
19980749
19980801
19980823
19980828
19980850
19980877
19980887
19980894
19980901
19980968
19980982
19980997
19981096
19981100
19981110
19990014
19990043
19990055
19990080
19990127
19990153
19990173
19990204
19990206
19990286
19990329
19990425
19990438
19990542
19990564
19990620
19990657
19990699
19990701
19990712
19990740
19990817
19990863
19990883
19990889
19990947
19991072
19991073
19991088
19991126
19991180
20000003
20000009
20000012
20000029
20000052
20000054
20000120
20000136
20000157
20000193
20000195
20000227
20000429
20000551
20000595
20000645
20000671
20000705
20000720
20000745
20000751
20000776
20000787
20000801
20000837
20000842
20000849
20000881
20000957
20000975
20001037
20001048
20001070
20001086
20001116
20001127
20001137
20001147
20001160
20001166
20001179
20010075
20010101
20010126
20010140
20010171
20010211
20010228
20010258
20010269
20010275
20010287
20010331
20010391
20010422
20010499
20010503
20010535
20010567
20010583
20010617
20010633
20010662
20010743
20010791
20010867
20010924
20010956
20010975
20010991
20011022
20011025
20011071
20011077
20011093
20011130
20011178
20020011
20020028
20020094
20020103
20020125
20020131
20020141
20020159
20020165
20020180
20020220
20020243
20020271
20020289
20020302
20020348
20020363
20020382
20020415
20020429
20020457
20020461
20020503
20020512
20020611
20020630
20020717
20020752
20020803
20020845
20020877
20020902
20020912
20020976
20020991
20020994
20021018
20021061
20021093
20021127
20030049
20030066
20030077
20030090
20030098
20030105
20030116
20030124
20030132
20030176
20030216
20030219
20030229
20030262
20030267
20030350
20030369
20030388
20030427
20030479
20030509
20030531
20030573
20030600
20030653
20030672
20030676
20030677
20030775
20030786
20030789
20030796
20030799
20030831
20030838
20030862
20030911
20030931
20030942
20031013
20031014
20031034
20031053
20031056
20031066
20031077
20031095
20031157
20040003
20040071
20040075
20040079
20040092
20040100
20040144
20040155
20040159
20040184
20040201
20040242
20040307
20040312
20040358
20040386
20040394
20040395
20040402
20040408
20040443
20040453
20040458
20040497
20040537
20040539
20040551
20040555
20040572
20040595
20040607
20040624
20040715
20040805
20040832
20040866
20040941
20040953
20040961
20040982
20040988
20041006
20041087
20041118
20041131
20041137
20050007
20050033
20050057
20050110
20050112
20050132
20050144
20050155
20050169
20050239
20050259
20050317
20050324
20050336
20050399
20050400
20050426
20050471
20050516
20050521
20050532
20050558
20050572
20050593
20050611
20050626
20050629
20050648
20050752
20050771
20050785
20050836
20050982
20050987
20051025
20051053
20051072
20051079
20051083
20051095
20051118
20051137
20060008
20060049
20060088
20060101
20060125
20060153
20060171
20060214
20060226
20060268
20060280
20060283
20060295
20060344
20060355
20060390
20060413
20060422
20060451
20060466
20060482
20060491
20060508
20060527
20060582
20060645
20060680
20060708
20060761
20060772
20060799
20060816
20060853
20060862
20060891
20060918
20060929
20060940
20060946
20060960
20061021
20061022
20061041
20061079
20061105
20061109
20061188
20070019
20070034
20070042
20070061
20070092
20070118
20070227
20070241
20070260
20070265
20070274
20070299
20070305
20070322
20070443
20070449
20070458
20070470
20070473
20070518
20070601
20070652
20070821
20070849
20070955
20070991
20071042
20071049
20071064
20071100
20071109
20071110
20071113
20071127
20071134
20071141
20080013
20080034
20080048
20080093
20080098
20080126
20080158
20080257
20080288
20080318
20080344
20080440
20080566
20080687
20080710
20080763
20080867
20080909
20080919
20081004
20081008
20081014
20081077
20081078
20081132
20081147
20090004
20090012
20090016
20090026
20090087
20090097
20090130
20090140
20090191
20090272
20090385
20090434
20090486
20090521
20090578
20090622
20090629
20090712
20090732
20090742
20090750
20090771
20090795
20090814
20090824
20090826
20090852
20090887
20090944
20090969
20090990
20090994
20090996
20091040
20091065
20091078
20091095
20091109
20091135
20091164
20091198
20100014
20100022
20100035
20100059
20100064
20100077
20100095
20100133
20100257
20100266
20100323
20100370
20100379
20100445
20100459
20100491
20100502
20100541
20100543
20100583
20100655
20100705
20100715
20100730
20100744
20100757
20100814
20100867
20100872
20100880
20100896
20100953
20100974
20100983
20101034
20101036
20101068
20101098
20101141
20101174
20110008
20110017
20110030
20110098
20110140
20110149
20110172
20110213
20110244
20110283
20110286
20110304
20110323
20110362
20110365
20110398
20110414
20110472
20110504
20110541
20110614
20110644
20110677
20110715
20110737
20110774
20110787
20110830
20110900
20110977
20110986
20110990
20111028
20111034
20111075
20111115
20111118
20111137
20111141
20120013
20120058
20120085
20120089
20120103
20120116
20120163
20120178
20120185
20120244
20120257
20120275
20120289
20120295
20120317
20120345
20120359
20120409
20120441
20120569
20120582
20120589
20120595
20120777
20120804
20120840
20120847
20120859
20120914
20120951
20121020
20121026
20121049
20121069
20121086
20121119
20121136
20130022
20130028
20130047
20130051
20130064
20130073
20130086
20130088
20130117
20130179
20130209
20130223
20130247
20130253
20130305
20130321
20130385
20130425
20130441
20130486
20130517
20130534
20130624
20130635
20130656
20130657
20130666
20130734
20130777
20130835
20130841
20130850
20130866
20130891
20130903
20130933
20130940
20130952
20131002
20131038
20131096
20131105
20131109
20140027
20140090
20140107
20140124
20140181
20140185
20140191
20140197
20140226
20140253
20140331
20140379
20140474
20140542
20140648
20140706
20140797
20140830
20140834
20140855
20140873
20140877
20140918
20140950
20140954
20140991
20141006
20141014
20141035
20141118
20141124
20141147
20141160
20141181
20150017
20150024
20150027
20150075
20150097
20150123
20150135
20150167
20150187
20150213
20150231
20150369
20150371
20150428
20150499
20150515
20150532
20150604
20150628
20150655
20150759
20150802
20150827
20150843
20150880
20150914
20150917
20150922
20150942
20150977
20150992
20151067
20151123
20151141
20151164
20160037
20160048
20160132
20160145
20160168
20160199
20160208
20160248
20160253
20160337
20160344
20160348
20160365
20160391
20160404
20160411
20160465
20160486
20160490
20160498
20160627
20160630
20160644
20160660
20160692
20160738
20160746
20160754
20160760
20160788
20160797
20160844
20160852
20160857
20160904
20160964
20160999
20161085
20161086
20161121
20161129
20170002
20170005
20170027
20170051
20170070
20170096
20170167
20170184
20170225
20170245
20170285
20170288
20170319
20170340
20170341
20170381
20170395
20170410
20170436
20170485
20170498
20170514
20170687
20170696
20170760
20170783
20170815
20170881
20170923
20170932
20170969
20170970
20171038
20171043
20171067
20171078
20171092
20171106
20171135
20171173
20171182
20171200
20180010
20180106
20180138
20180148
20180170
20180181
20180194
20180255
20180324
20180346
20180438
20180490
20180496
20180516
20180535
20180536
20180578
20180583
20180608
20180610
20180686
20180688
20180719
20180747
20180803
20180809
20180864
20180891
20180917
20180939
20181001
20181019
20181048
20181059
20181098
20181107
20181133
20181177
20181194
20190010
20190069
20190094
20190116
20190137
20190151
20190160
20190188
20190209
20190221
20190310
20190348
20190400
20190480
20190489
20190503
20190583
20190605
20190674
20190725
20190738
20190742
20190766
20190812
20190853
20190874
20190886
20190943
20190977
20191004
20191014
20191087
20191110
20191128
20191177
20200288
20200561
20200643
20200759
20200790
20200994
20201027
20201322
20201416
20201535
20201884
20203373
20203664
20204034
20204062
20204603
20204795
20205515
20206231
20206517
20206591
20206957
20207041
20207777
20207822
20207954
20208620
20208688
20208841
20208943
20209220
20209595
20209664
20209838
